0000000000000000000000000000000000000000000100000000000000000000000000000000000000000000000000000000
0000000000000000000000000000000000000000000100000000000000000000000000000000000000000000000000000000
0000000000000000000000000000000000000000000100000000000000000000000000000000000000000000000000000000
0000000000000000000000000000000000000000000100000000000000000000000000000000000000000000000000000000
0000000000000000000000000000000000000000000100000000000000000000000000000000000000000000000000000000
0000000000000000000000000000000000000000000100000000000000000000000000000000000000000000000000000000
0000000000000000000000000000000000000000000100000000000000000000000000000000000000000000000000000000
0000000000000000000000000000000000000000000000000000000000000000000000000000000000000000000000000000
0000000000000000000000000000000000000000000000000000000000000000000000000000000000000000000000000000
0000000000000000000000000000000000000000000000000000000000000000000000000000000000000000000000000000
0000000000000000000000000000000000000000000000000000000000000000000000000000000000000000000000000000
0000000000000000000000000000000000000000000000000000000000000000000000000000000000000000000000000000
0000000000000000000000000000000000000000000000000000000000000000000000000000000000000000000000000000
0000000000000000000000000000000000000000000000000000001111111111111111111111111000000000000000000000
0000000000000000000000000000000000000000000000000000001000000000000000000000000111100000000000000000
0000000000000000000000000000000000000000000000000000000000000000000000000000000000100000000000000000
1111111111111111111111111111111111000000000000000000000000000000000000000000000000100000000000000000
0000000000000000000000000000000001000000000000000000000000000000000000000000000000100000000000000000
0000000000000000000000000000000001000000000000000000000000000000000000000000000000100000000000000000
0000000000000000000000000000000001000000000000000000000000000000000000000000000000100000000000000000
0000000000000000000000000000000001000000000000000000000000000000000000000000000000100000000000000000
0000000000000000000000000000000001000000000000000000000000000000000000000000000000100000000000000000
0000000000000000000000000000000001000000000000000000000000000000000000000000000000100000000000000000
0000000000000000000000000000000001000000000000000000000000000000000000000000000000100000000000000000
0000000000000000000000000000000001000000000000000000000000000000000000000000000000100000000000000000
0000000000000000000000000000000001000000000000000000000000000000000000000000000000100000000000000000
0000000000000000000000000000000001000000000000000000000000000000000000000000000000100000000000000000
0000000000000000000000000000000001000000000000000000000000000000000000000000000000100000000000000000
0000000000000000000000000000000001000000000000000000000000000000000000000000000000100000000000000000
0000000000000000000000000000000001000000000000000000000000111111111110000011111111100000000000000000
0000000000000000001000000000000001000000000000000000000011000000000001111100000000000000000000000000
0000000000000000001000000000000001000000000000000000000010000000000000000000000000000000000000000000
0000000000000000001000000000000001000000000000000000000010000000000000000000000000000000000000000000
0000000000000000001000000000000001000000000000000000000010000000000000000000000000000000000000000000
0000000000000000001000000000000001000000000000000000000010000000000000000000000000000000000000000000
0000000000000000010000000000000001000000000000000000000110000000000000000000000000000000000000000000
0000000000000000010000000000000001000000000000000000000100000000000000000000000000000000000000011111
0000000000000000010000000000000001000000000000000000000100000000000000000000000000000000000111100000
0000000000000000010000000000000001000000000000000000000100000000000000000000000000000000000100000000
0000000000000000010000000000000001000000000000000000000100000000000000000000000000000000001000000000
0000000000000000011111111111111111111111111111111111111100000000000000000000000000000000001000000000
0000000000000000000000000000000000000000000000000000000000000000000000000000000000000000001000000000
0000000000000000000000000000000000000000000000000000000000000000000000000000000000000000010000000000
0000000000000000000000000000000000000000000000000000000000000000000000000000000000000000010000000000
0000000000000000000000000000000000000000000000000000000000000000000000000000000000000000010000000000
0000000000000000000000000000000000000000000000000000000000000000000000000000000000000000010000000000
0000000000000000000000000000000000000000000000000000000000000000000000000000000000000000010000000000
0000000000000000000000000000000000000000000000000000000000000000000000000000000000000000010000000000
0000000000000000000000000000000000000000000000000000000000000000000000011111111111111111111111111111
0000000000000000000000000000000000000000000000000000000000000000000000010000000000000000000000000000
0000000000000000000000000000000000000000000000000000000000000000000000010000000000000000000000000000
0000000000000000000000000000000000000000000000000000000000000000000000010000000000000000000000000000
0000000000000000000000000000000000000000000000000000000000000000000000010000000000000000000000000000
0000000000000000000000000000000000000000000001111110000000000000000000010000000000000000000000000000
1111111111111111111111111111111111111111111110000011111110000000000000010000000000000000000000000000
0000000000000001000000000000000000000000000000000010000000000000000000010000000000000000000000000000
0000000000000001000000000000000000000000000000000010000000000000000000010000000000000000000000000000
0000000000000001000000000000000000000000000000000010000000000000000000010000000000000000000000000000
0000000000000001000000000000000000000000000000000010000000000000000000010000000000000000000000000000
0000000000000001000000000000000000000000000000000010000000000000000000010000000000000000000000000000
0000000000000001000000000000000000000000000000000010000000000000000000010000000000000000000000000000
0000000000000001000000000000000000000000000000000010000000000000000000010000000111110000000000000000
0000000000000001000000000000000000000000000000000010000000000000000000011111111000010000000000000000
0000000000000001000000000000000000000000000000000010000000000000000000000000000000010000000000000000
0000000000000001000000000000000000000000000000000010000000000000000000000000000000010000000000000000
0000000000000001000000000000000000000000000000000010000000000000000000000000000000010000000000000000
0000000000000001000000000000000000000000000000000010000000000000000000000000000000010000000000000000
0000000000000001000000000000000000000000000000000010000000000000000000000000000000010000000000000000
0000000000000001000000000000000000000000000000000010000000000000000000000000000000010000000000000000
0000000000000001000000000000000000000000000000000010000000000000000000000000000000010000000000000000
0000000000000001000000000000000000000000000000000010000000000000000000000000000000010000000000000000
0000000000000000000000000000000000000000000000000010000000000000000000000000000000010000000000000000
0000000000000000000000000000000000000000000000000010000000000000000000011111111111110000000000000000
0000000000000000000000000000011111111111111111111110000000000000000000010000000000000000000000000000
0000000000000000000000000000010000000000000000000000000000000000000000010000000000000000000000000000
0000000000000000000000000000010000000000000000000000000000000000000000010000000000000000000000000000
0000000000000000000000000000010000000000000000000000000000000000000000010000000000000000000000000000
0000000000000000000000000000010000000000000000000000000000000000000000010000000000000000000000000000
0000000000000000000000000000010000000000000000000000000000000000000000010000000000000000000000000000
0000000000000000000000000000010000000000000000000000000000000000000000010000000000000000000000000000
0000000000000000000000000000010000000000000000000000000000000000000000010000000000000000000000000000
0000000000000000000000000000010000000000000000000000000000000000000000010000000000000000000000000000
0000000000000000000000000000010000000000000000000000000000000000000000010000000000000000000000000000
0000000000000000000000000000010000000000000000000000000000000000000000010000000000000000000000000000
0000000000000000000000000000010000000000000000000000000000000000000000010000000000000111100000000000
0000000000000000000000000000010000000000000000000000000000000000000000010000000000000000111111111111
1111111111110000000000000000000000000000000000000000001000000000000000010000000000000000000000000000
0000000000000000000000000000000000000000000000000000001000000000000000000000000000000000000000000000
0000000000000000000000000000000000000000000000000000001000000000000000000000000000000000000000000000
0000000000000000000000000000000000000000000000000000001000000000000000000000000000000000000000000000
0000000000000000000000000000000000000000000000000000001000000000000000000000000000000000000000000000
0000000000000000000000000000000000000000000000000000001000000000000000000000000000000000000000000000
0000000000000000000000000000000000000000000000000000001000000000000000000000000000000000000000000000
0000000000000000000000000000000000000000000000000000001000000000000000000000000000000000000000000000
0000000000000000000000000000000000000000000000000000001000000000000000000000000000000000000000000000
0000000000000000000000000000000000000000000000000000001000000000000000000000000000000000000000000000
0000000000000000000000000000000000000000000000000000001000000000000000000000000000000000000000000000
0000000000000000000000000000000000000000000000000000001000000000000000000000000000000000000000000000
0000000000000000000000000000000000000000000000000000001000000000000000000000000000000000000000000000
0000000000000000000000000000000000000000000000000000001000000000000000000000000000000000000000000000
